    <strong>Iteration</strong><strong>      LeftEndPoint  </strong><strong>     RightEndPoint  </strong><strong>     Approximation  </strong><strong>        FunctionValue    </strong><strong>       ErrorBound    </strong>
    <strong>_________</strong>    <strong>________________</strong>    <strong>________________</strong>    <strong>________________</strong>    <strong>_____________________</strong>    <strong>_________________</strong>

     1                        0.5                 1.5                   1      -0.0346557263947194                  0.5
     2                          1                 1.5                1.25         1.40997635239636                 0.25
     3                          1                1.25               1.125        0.609079747420708                0.125
     4                          1               1.125              1.0625        0.266982287598207               0.0625
     5                          1              1.0625             1.03125        0.111147764274696              0.03125
     6                          1             1.03125            1.015625       0.0370028746470067             0.015625
     7                          1            1.015625           1.0078125     0.000864425201642538            0.0078125
     8                          1           1.0078125          1.00390625      -0.0169727161461645           0.00390625
     9                 1.00390625           1.0078125         1.005859375     -0.00807344030385537          0.001953125
    10                1.005859375           1.0078125        1.0068359375      -0.0036093347510987         0.0009765625
    11               1.0068359375           1.0078125       1.00732421875     -0.00137366200723221        0.00048828125
    12              1.00732421875           1.0078125      1.007568359375     -0.00025492026473295       0.000244140625
    13             1.007568359375           1.0078125     1.0076904296875     0.000304676996260134      0.0001220703125
    14             1.007568359375     1.0076904296875    1.00762939453125     2.48594985530204e-05      6.103515625e-05
    15             1.007568359375    1.00762939453125    1.00759887695312    -0.000115035099787164     3.0517578125e-05
    16           1.00759887695312    1.00762939453125    1.00761413574219    -4.50889798049303e-05    1.52587890625e-05
    17           1.00761413574219    1.00762939453125    1.00762176513672    -1.01150354246959e-05    7.62939453125e-06

Based on the numerical evidence in this table, the best estimate for the root is p = 1.00762177. TOL reached in 17 iterations.
    <strong>Iteration</strong><strong>      LeftEndPoint  </strong><strong>     RightEndPoint  </strong><strong>     Approximation  </strong><strong>        FunctionValue    </strong><strong>         ErrorBound     </strong>
    <strong>_________</strong>    <strong>________________</strong>    <strong>________________</strong>    <strong>________________</strong>    <strong>_____________________</strong>    <strong>____________________</strong>

     1                         -3                 2.5               -0.25        -1.44195556640625                    2.75
     2                      -0.25                 2.5               1.125      -0.0127673149108887                   1.375
     3                      1.125                 2.5              1.8125        -1.95457248017192                  0.6875
     4                     1.8125                 2.5             2.15625         6.83199333157972                 0.34375
     5                     1.8125             2.15625            1.984375       -0.351673058991082                0.171875
     6                   1.984375             2.15625           2.0703125         2.23054285145257               0.0859375
     7                   1.984375           2.0703125          2.02734375        0.732846898055289              0.04296875
     8                   1.984375          2.02734375         2.005859375          0.1440217019497             0.021484375
     9                   1.984375         2.005859375        1.9951171875       -0.114869434219799            0.0107421875
    10               1.9951171875         2.005859375       2.00048828125       0.0117421335381793           0.00537109375
    11               1.9951171875       2.00048828125      1.997802734375      -0.0522629170294697          0.002685546875
    12             1.997802734375       2.00048828125     1.9991455078125       -0.020436356256891         0.0013427734375
    13            1.9991455078125       2.00048828125    1.99981689453125     -0.00439124651992582        0.00067138671875
    14           1.99981689453125       2.00048828125    2.00015258789062      0.00366439168025976       0.000335693359375
    15           1.99981689453125    2.00015258789062    1.99998474121094    -0.000366188120661796      0.0001678466796875
    16           1.99998474121094    2.00015258789062    2.00006866455078      0.00164841132264005      8.392333984375e-05
    17           1.99998474121094    2.00006866455078    2.00002670288086     0.000640939021949404     4.1961669921875e-05
    18           1.99998474121094    2.00002670288086     2.0000057220459     0.000137332310289597    2.09808349609375e-05
    19           1.99998474121094     2.0000057220459    1.99999523162842    -0.000114438689723969    1.04904174804688e-05
    20           1.99999523162842     2.0000057220459    2.00000047683716     1.14441140795124e-05    5.24520874023438e-06

Based on the numerical evidence in this table, the best estimate for the root is p = 2.00000048. TOL reached in 20 iterations.
    <strong>Iteration</strong><strong>      LeftEndPoint   </strong><strong>      RightEndPoint  </strong><strong>      Approximation  </strong><strong>        FunctionValue    </strong><strong>         ErrorBound     </strong>
    <strong>_________</strong>    <strong>_________________</strong>    <strong>_________________</strong>    <strong>_________________</strong>    <strong>_____________________</strong>    <strong>____________________</strong>

     1                        -2.5                    3                 0.25         0.51910400390625                    2.75
     2                        -2.5                 0.25               -1.125         3.68975400924683                   1.375
     3                        -2.5               -1.125              -1.8125         23.4201732091606                  0.6875
     4                        -2.5              -1.8125             -2.15625        -50.9080817936047                 0.34375
     5                    -2.15625              -1.8125            -1.984375         3.23239729530201                0.171875
     6                    -2.15625            -1.984375           -2.0703125        -18.3550062797164               0.0859375
     7                  -2.0703125            -1.984375          -2.02734375        -6.36363353734271              0.04296875
     8                 -2.02734375            -1.984375         -2.005859375        -1.28614732971479             0.021484375
     9                -2.005859375            -1.984375        -1.9951171875         1.04059962712849            0.0107421875
    10                -2.005859375        -1.9951171875       -2.00048828125       -0.105610445045275           0.00537109375
    11              -2.00048828125        -1.9951171875      -1.997802734375         0.47174832770155          0.002685546875
    12              -2.00048828125      -1.997802734375     -1.9991455078125        0.184136997796385         0.0013427734375
    13              -2.00048828125     -1.9991455078125    -1.99981689453125        0.039530869770549        0.00067138671875
    14              -2.00048828125    -1.99981689453125    -2.00015258789062      -0.0329728167856068       0.000335693359375
    15           -2.00015258789062    -1.99981689453125    -1.99998474121094      0.00329576013836783      0.0001678466796875
    16           -2.00015258789062    -1.99998474121094    -2.00006866455078      -0.0148343437790255      8.392333984375e-05
    17           -2.00006866455078    -1.99998474121094    -2.00002670288086     -0.00576824582583658     4.1961669921875e-05
    18           -2.00002670288086    -1.99998474121094     -2.0000057220459     -0.00123598136281692    2.09808349609375e-05
    19            -2.0000057220459    -1.99998474121094    -1.99999523162842      0.00102995475579171    1.04904174804688e-05
    20            -2.0000057220459    -1.99999523162842    -2.00000047683716    -0.000102996961231907    5.24520874023438e-06

Based on the numerical evidence in this table, the best estimate for the root is p = -2.00000048. TOL reached in 20 iterations.
    <strong>Iteration</strong><strong>      LeftEndPoint   </strong><strong>      RightEndPoint   </strong><strong>      Approximation   </strong><strong>        FunctionValue    </strong><strong>         ErrorBound     </strong>
    <strong>_________</strong>    <strong>_________________</strong>    <strong>__________________</strong>    <strong>__________________</strong>    <strong>_____________________</strong>    <strong>____________________</strong>

     1                       -1.75                   1.5                -0.125       -0.620491504669189                   1.625
     2                       -1.75                -0.125               -0.9375        -1.33009677752852                  0.8125
     3                       -1.75               -0.9375              -1.34375         13.0496287056303                 0.40625
     4                    -1.34375               -0.9375             -1.140625         4.24644985552163                0.203125
     5                   -1.140625               -0.9375            -1.0390625         1.00491213937054               0.1015625
     6                  -1.0390625               -0.9375           -0.98828125       -0.275217829172648              0.05078125
     7                  -1.0390625           -0.98828125          -1.013671875        0.336363583817667             0.025390625
     8                -1.013671875           -0.98828125         -1.0009765625       0.0234794672259992            0.0126953125
     9               -1.0009765625           -0.98828125        -0.99462890625       -0.127637868176765           0.00634765625
    10               -1.0009765625        -0.99462890625       -0.997802734375      -0.0525220085104408          0.003173828125
    11               -1.0009765625       -0.997802734375      -0.9993896484375      -0.0146320475917836         0.0015869140625
    12               -1.0009765625      -0.9993896484375     -1.00018310546875      0.00439600650175338        0.00079345703125
    13           -1.00018310546875      -0.9993896484375    -0.999786376953125     -0.00512494525209388       0.000396728515625
    14           -1.00018310546875    -0.999786376953125    -0.999984741210938    -0.000366200692972997      0.0001983642578125
    15           -1.00018310546875    -0.999984741210938     -1.00008392333984      0.00201447005738146      9.918212890625e-05
    16           -1.00008392333984    -0.999984741210938     -1.00003433227539     0.000824026472643631     4.9591064453125e-05
    17           -1.00003433227539    -0.999984741210938     -1.00000953674316     0.000228885837719392    2.47955322265625e-05
    18           -1.00000953674316    -0.999984741210938    -0.999997138977051    -6.86641906214886e-05    1.23977661132812e-05
    19           -1.00000953674316    -0.999997138977051     -1.00000333786011     8.01091327959924e-05    6.19888305664062e-06

Based on the numerical evidence in this table, the best estimate for the root is p = -0.99999714. TOL reached in 19 iterations.
    <strong>Iteration</strong><strong>      LeftEndPoint   </strong><strong>     RightEndPoint  </strong><strong>      Approximation  </strong><strong>        FunctionValue    </strong><strong>         ErrorBound     </strong>
    <strong>_________</strong>    <strong>_________________</strong>    <strong>________________</strong>    <strong>_________________</strong>    <strong>_____________________</strong>    <strong>____________________</strong>

     1                        -1.5                1.75                0.125        0.375359058380127                   1.625
     2                       0.125                1.75               0.9375      0.00138407573103905                  0.8125
     3                      0.9375                1.75              1.34375       -0.280712013045559                 0.40625
     4                      0.9375             1.34375             1.140625      -0.0183260929350126                0.203125
     5                      0.9375            1.140625            1.0390625    -0.000368796751137879               0.1015625
     6                      0.9375           1.0390625           0.98828125     9.56056392616145e-06              0.05078125
     7                  0.98828125           1.0390625          1.013671875    -1.55055694489879e-05             0.025390625
     8                  0.98828125         1.013671875         1.0009765625    -5.59247847597198e-09            0.0126953125
     9                  0.98828125        1.0009765625        0.99462890625     9.25509307232841e-07           0.00634765625
    10               0.99462890625        1.0009765625       0.997802734375      6.3533274914865e-08          0.003173828125
    11              0.997802734375        1.0009765625      0.9993896484375     1.36354774001099e-09         0.0015869140625
    12             0.9993896484375        1.0009765625     1.00018310546875    -3.68401548965323e-11        0.00079345703125
    13             0.9993896484375    1.00018310546875    0.999786376953125     5.84814631061941e-11       0.000396728515625
    14           0.999786376953125    1.00018310546875    0.999984741210938      2.1316011018124e-14      0.0001983642578125
    15           0.999984741210938    1.00018310546875     1.00008392333984    -3.54674443723311e-12      9.918212890625e-05
    16           0.999984741210938    1.00008392333984     1.00003433227539    -2.42812721975975e-13     4.9591064453125e-05
    17           0.999984741210938    1.00003433227539     1.00000953674316    -5.20421178656661e-15    2.47955322265625e-05
    18           0.999984741210938    1.00000953674316    0.999997138977051     1.40512266545015e-16    1.23977661132812e-05
    19           0.999997138977051    1.00000953674316     1.00000333786011    -2.23129427739399e-16    6.19888305664062e-06

Based on the numerical evidence in this table, the best estimate for the root is p = 0.99999714. TOL reached in 19 iterations.
    <strong>Iteration</strong><strong>      LeftEndPoint  </strong><strong>     RightEndPoint  </strong><strong>     Approximation  </strong><strong>       FunctionValue    </strong><strong>       ErrorBound    </strong>
    <strong>_________</strong>    <strong>________________</strong>    <strong>________________</strong>    <strong>________________</strong>    <strong>____________________</strong>    <strong>_________________</strong>

     1                          2                   3                 2.5                  -9.375                  0.5
     2                        2.5                   3                2.75               -4.203125                 0.25
     3                       2.75                   3               2.875            -1.236328125                0.125
     4                      2.875                   3              2.9375          0.347412109375               0.0625
     5                      2.875              2.9375             2.90625      -0.452972412109375              0.03125
     6                    2.90625              2.9375            2.921875     -0.0549201965332031             0.015625
     7                   2.921875              2.9375           2.9296875        0.14570951461792            0.0078125
     8                   2.921875           2.9296875          2.92578125      0.0452607274055481           0.00390625
     9                   2.921875          2.92578125         2.923828125     -0.0048631951212883          0.001953125
    10                2.923828125          2.92578125        2.9248046875       0.020190398208797         0.0009765625
    11                2.923828125        2.9248046875       2.92431640625     0.00766150990966707        0.00048828125
    12                2.923828125       2.92431640625      2.924072265625     0.00139863452932332       0.000244140625
    13                2.923828125      2.924072265625     2.9239501953125    -0.00173241100674204      0.0001220703125
    14            2.9239501953125      2.924072265625    2.92401123046875    -0.00016692091708137      6.103515625e-05
    15           2.92401123046875      2.924072265625    2.92404174804688    0.000615848636442706     3.0517578125e-05
    16           2.92401123046875    2.92404174804688    2.92402648925781    0.000224461817271759    1.52587890625e-05
    17           2.92401123046875    2.92402648925781    2.92401885986328    2.87699394938556e-05    7.62939453125e-06

Based on the numerical evidence in this table, the best estimate for the root is p = 2.92401886. TOL reached in 17 iterations.
diary off
